Dir Number,Dir,File time,Filename,Top,Bottom,concentration,Tunnel Voltage,Time(s),Baseline (pA),Weighted baseline(pA),Noise (pA),Denoised noise(pA),Peak Freq. (peak/S),Denoised peak Freq. (peak/S),Level jumps(levels/S),Jump size(pA),%Time active,Levels (pA),
1,00_000_Control_M1M2,29-Feb-2016 11:56:02,M1_M2G_TopG_Bttm0mV_P350mV_1mMPB_0000_g,4.800000e+01,4.800000e+01,4.900000e+01,1.120000e+02,9.800000e+01,5.100000e+01,5.300000e+01,4.800000e+01,9.242995e+01,1.289712e+03,4.635479e+04,2.046282e+02,1.528433e+00,3.942661e+02,6.815973e+00,6.896033e+01,2.746184e+01,1.527762e+01,1.360267e+02,
2,00_450_Control_M1M2,29-Feb-2016 12:02:41,M1_M2G_TopN50mV_Bttm400mV_P350mV_1mMPB_0001_g,1.100000e+02,5.300000e+01,4.800000e+01,5.200000e+01,4.800000e+01,4.800000e+01,4.900000e+01,1.120000e+02,9.800000e+01,5.100000e+01,5.300000e+01,4.800000e+01,1.349900e+02,7.932988e+02,2.235501e+04,2.013801e+02,3.318964e+00,4.330174e+02,2.043115e+01,4.105491e+01,4.521054e+01,4.457915e+01,1.634790e+02,
3,01_000_PolyA50_M1M2,29-Feb-2016 15:09:34,M1_M2G_TopG_Bttm0mV_P350mV_100nMPolyA50_0000,4.800000e+01,4.800000e+01,4.900000e+01,4.800000e+01,4.800000e+01,1.120000e+02,1.110000e+02,1.080000e+02,1.210000e+02,9.700000e+01,5.300000e+01,4.800000e+01,5.100000e+01,5.300000e+01,4.800000e+01,1.303099e+02,1.281792e+03,4.648721e+04,4.609380e+02,1.845520e+02,4.852661e+02,1.388229e+01,5.169981e+01,2.915192e+01,6.482753e+01,1.747815e+02,
3,01_000_PolyA50_M1M2,29-Feb-2016 15:12:00,M1_M2G_TopG_Bttm0mV_P350mV_100nMPolyA50_0001_g,4.800000e+01,4.800000e+01,4.900000e+01,4.800000e+01,4.800000e+01,1.120000e+02,1.110000e+02,1.080000e+02,1.210000e+02,9.700000e+01,5.300000e+01,4.800000e+01,5.100000e+01,5.300000e+01,4.800000e+01,1.207291e+02,1.132184e+03,3.816072e+04,2.054419e+02,2.928097e+01,6.971144e+02,1.386575e+01,1.275086e+02,3.007102e+01,3.865355e+01,1.321568e+02,
4,01_450_PolyA50_M1M2,29-Feb-2016 15:14:36,M1_M2G_TopN50mV_Bttm400mV_P350mV_100nMPolyA50_0000,1.100000e+02,5.300000e+01,4.800000e+01,5.200000e+01,4.800000e+01,4.800000e+01,4.900000e+01,4.800000e+01,4.800000e+01,1.120000e+02,1.110000e+02,1.080000e+02,1.210000e+02,9.700000e+01,5.300000e+01,4.800000e+01,5.100000e+01,5.300000e+01,4.800000e+01,1.102553e+02,1.249350e+03,4.423340e+04,2.163687e+02,2.611654e+01,5.063609e+02,1.665225e+01,7.824564e+01,4.020406e+01,4.874723e+01,1.672837e+02,
4,01_450_PolyA50_M1M2,29-Feb-2016 15:16:40,M1_M2G_TopN50mV_Bttm400mV_P350mV_100nMPolyA50_0001_g,1.100000e+02,5.300000e+01,4.800000e+01,5.200000e+01,4.800000e+01,4.800000e+01,4.900000e+01,4.800000e+01,4.800000e+01,1.120000e+02,1.110000e+02,1.080000e+02,1.210000e+02,9.700000e+01,5.300000e+01,4.800000e+01,5.100000e+01,5.300000e+01,4.800000e+01,1.349899e+02,1.235107e+03,4.373999e+04,2.660884e+02,1.070932e+02,4.548265e+02,3.197275e+01,4.538116e+01,3.906697e+01,5.556608e+01,2.150586e+02,
5,02_000_C20T10C20_M1M2,29-Feb-2016 16:57:07,M1_M2G_TopG_Bttm0mV_P350mV_100nMC20T10C20_0000,4.800000e+01,4.800000e+01,4.900000e+01,4.800000e+01,4.800000e+01,9.900000e+01,5.000000e+01,4.800000e+01,1.160000e+02,4.900000e+01,4.800000e+01,9.900000e+01,5.000000e+01,4.800000e+01,5.100000e+01,5.300000e+01,4.800000e+01,1.342699e+02,2.043494e+03,9.250600e+04,6.175509e+02,9.251812e+01,4.244062e+02,3.397633e+01,1.529754e+01,5.453148e+01,9.593022e+01,3.457710e+02,
5,02_000_C20T10C20_M1M2,29-Feb-2016 17:04:37,M1_M2G_TopG_Bttm0mV_P350mV_100nMC20T10C20_0003_g,4.800000e+01,4.800000e+01,4.900000e+01,4.800000e+01,4.800000e+01,9.900000e+01,5.000000e+01,4.800000e+01,1.160000e+02,4.900000e+01,4.800000e+01,9.900000e+01,5.000000e+01,4.800000e+01,5.100000e+01,5.300000e+01,4.800000e+01,1.349900e+02,1.301506e+03,4.712793e+04,1.383151e+02,8.401108e+01,1.915920e+02,4.348472e+00,6.681979e+00,4.674307e+01,5.363138e+00,3.715036e+02,
6,02_450_C20T10C20_M1M2,29-Feb-2016 17:09:59,M1_M2G_TopN50mV_Bttm400mV_P350mV_100nMC20T10C20_0001_g,1.100000e+02,5.300000e+01,4.800000e+01,5.200000e+01,4.800000e+01,4.800000e+01,4.900000e+01,4.800000e+01,4.800000e+01,9.900000e+01,5.000000e+01,4.800000e+01,1.160000e+02,4.900000e+01,4.800000e+01,9.900000e+01,5.000000e+01,4.800000e+01,5.100000e+01,5.300000e+01,4.800000e+01,1.349900e+02,1.389968e+03,5.184308e+04,1.087399e+02,1.843382e+00,1.753390e+02,7.385735e+00,3.123195e+01,7.617468e+01,5.188199e+00,1.712141e+02,
6,02_450_C20T10C20_M1M2,29-Feb-2016 17:12:33,M1_M2G_TopN50mV_Bttm400mV_P350mV_100nMC20T10C20_0002,1.100000e+02,5.300000e+01,4.800000e+01,5.200000e+01,4.800000e+01,4.800000e+01,4.900000e+01,4.800000e+01,4.800000e+01,9.900000e+01,5.000000e+01,4.800000e+01,1.160000e+02,4.900000e+01,4.800000e+01,9.900000e+01,5.000000e+01,4.800000e+01,5.100000e+01,5.300000e+01,4.800000e+01,1.158414e+02,1.341919e+03,4.919173e+04,1.550849e+02,7.040937e-01,2.305481e+02,1.372567e+00,1.060847e+02,3.441938e+01,4.188874e+00,1.281931e+02,
7,03_000_PolyA50_Beads_M1M2,29-Feb-2016 17:51:36,M1_M2G_TopG_Bttm0mV_P350mV_100nMPolyA50_Beads_0000,4.800000e+01,4.800000e+01,4.900000e+01,4.800000e+01,4.800000e+01,1.120000e+02,1.110000e+02,1.080000e+02,1.210000e+02,9.700000e+01,5.300000e+01,4.800000e+01,5.100000e+01,5.300000e+01,4.800000e+01,1.349900e+02,1.361946e+03,5.032536e+04,1.567707e+02,2.359408e+01,2.204979e+02,4.415143e+00,2.104601e+01,3.074128e+01,8.813764e+00,1.314123e+02,
7,03_000_PolyA50_Beads_M1M2,29-Feb-2016 17:54:09,M1_M2G_TopG_Bttm0mV_P350mV_100nMPolyA50_Beads_0001_g,4.800000e+01,4.800000e+01,4.900000e+01,4.800000e+01,4.800000e+01,1.120000e+02,1.110000e+02,1.080000e+02,1.210000e+02,9.700000e+01,5.300000e+01,4.800000e+01,5.100000e+01,5.300000e+01,4.800000e+01,1.349900e+02,1.247808e+03,4.409713e+04,9.292958e+01,1.742908e+00,1.970813e+02,2.511298e+00,7.106455e+01,3.063968e+01,4.888399e+00,1.155456e+02,
8,03_450_PolyA50_Beads_M1M2,29-Feb-2016 17:57:01,M1_M2G_TopN50mV_Bttm400mV_P350mV_100nMPolyA50_Beads_0000,1.100000e+02,5.300000e+01,4.800000e+01,5.200000e+01,4.800000e+01,4.800000e+01,4.900000e+01,4.800000e+01,4.800000e+01,1.120000e+02,1.110000e+02,1.080000e+02,1.210000e+02,9.700000e+01,5.300000e+01,4.800000e+01,5.100000e+01,5.300000e+01,4.800000e+01,1.349900e+02,1.852471e+03,7.969112e+04,4.321724e+02,7.413062e+01,1.608861e+02,3.672866e+01,4.289949e+01,4.727824e+01,9.864594e+01,3.760614e+02,
8,03_450_PolyA50_Beads_M1M2,29-Feb-2016 18:00:00,M1_M2G_TopN50mV_Bttm400mV_P350mV_100nMPolyA50_Beads_0001_g,1.100000e+02,5.300000e+01,4.800000e+01,5.200000e+01,4.800000e+01,4.800000e+01,4.900000e+01,4.800000e+01,4.800000e+01,1.120000e+02,1.110000e+02,1.080000e+02,1.210000e+02,9.700000e+01,5.300000e+01,4.800000e+01,5.100000e+01,5.300000e+01,4.800000e+01,1.341754e+02,1.797058e+03,7.620356e+04,3.659580e+02,1.665951e+01,4.776434e+02,4.969614e+01,7.516281e+01,5.591620e+01,9.395523e+01,2.289452e+02,
9,04_000_C20T10C20_Beads_M1M2,29-Feb-2016 18:30:39,M1_M2G_TopG_Bttm0mV_P350mV_10nMC20T10C20_Beads_0000,4.800000e+01,4.800000e+01,4.900000e+01,4.800000e+01,9.900000e+01,5.000000e+01,4.800000e+01,1.160000e+02,4.900000e+01,4.800000e+01,9.900000e+01,5.000000e+01,4.800000e+01,5.100000e+01,5.300000e+01,4.800000e+01,9.523300e+01,1.083171e+03,3.568034e+04,1.309253e+02,5.577048e-01,3.076875e+02,1.711592e+00,7.755715e+01,2.283527e+01,5.770528e+00,1.098822e+02,
9,04_000_C20T10C20_Beads_M1M2,29-Feb-2016 18:32:26,M1_M2G_TopG_Bttm0mV_P350mV_10nMC20T10C20_Beads_0001_g,4.800000e+01,4.800000e+01,4.900000e+01,4.800000e+01,9.900000e+01,5.000000e+01,4.800000e+01,1.160000e+02,4.900000e+01,4.800000e+01,9.900000e+01,5.000000e+01,4.800000e+01,5.100000e+01,5.300000e+01,4.800000e+01,1.349900e+02,9.274329e+02,2.828577e+04,1.337906e+02,2.100553e+00,1.661901e+02,9.082158e+00,2.394252e+01,2.988225e+01,6.006371e+00,3.192750e+02,
10,04_450_C20T10C20_Beads_M1M2,29-Feb-2016 18:45:54,M1_M2G_TopN50mV_Bttm400mV_P350mV_10nMC20T10C20_Beads_0004,1.100000e+02,5.300000e+01,4.800000e+01,5.200000e+01,4.800000e+01,4.800000e+01,4.900000e+01,4.800000e+01,9.900000e+01,5.000000e+01,4.800000e+01,1.160000e+02,4.900000e+01,4.800000e+01,9.900000e+01,5.000000e+01,4.800000e+01,5.100000e+01,5.300000e+01,4.800000e+01,1.285099e+02,1.330749e+03,4.856399e+04,1.302395e+02,9.417321e-01,3.980003e+02,7.127853e+00,3.846395e+01,6.772206e+01,2.538203e+01,1.681878e+02,
10,04_450_C20T10C20_Beads_M1M2,29-Feb-2016 18:48:18,M1_M2G_TopN50mV_Bttm400mV_P350mV_10nMC20T10C20_Beads_0005_g,1.100000e+02,5.300000e+01,4.800000e+01,5.200000e+01,4.800000e+01,4.800000e+01,4.900000e+01,4.800000e+01,9.900000e+01,5.000000e+01,4.800000e+01,1.160000e+02,4.900000e+01,4.800000e+01,9.900000e+01,5.000000e+01,4.800000e+01,5.100000e+01,5.300000e+01,4.800000e+01,1.349900e+02,1.330424e+03,4.855357e+04,1.632412e+02,1.965749e+00,4.810729e+02,1.387511e+01,2.074228e+01,1.069081e+02,3.330628e+01,1.808155e+02,
